 
41.38530349	2.10003829	10.99	 
41.38530349	2.10003662	10.61	 
41.38530349	2.10003662	10.47	 
41.38530349	2.10003662	11.03	 
41.38530349	2.10003662	10.65	 
41.38530349	2.10003662	10.57	 
41.38530349	2.10003829	10.19	 
41.38530349	2.10003662	10.69	 
41.38530349	2.10003161	11.89	 
41.38530349	2.10002660	11.17	 
41.38530349	2.10002660	10.33	 
41.38530349	2.10001826	8.71	 
41.38531112	2.10001158	8.01	 
41.38531875	2.10000658	7.97	 
41.38531875	2.10000324	8.23	 
41.38531875	2.10000324	8.87	 
41.38531112	2.10000157	8.89	 
41.38531112	2.09999680	8.93	 
41.38530349	2.09999155	7.87	 
41.38530349	2.09998488	8.23	 
41.38530349	2.09998488	8.01	 
41.38530349	2.09997844	7.69	 
41.38530349	2.09997010	7.47	 
41.38529586	2.09996151	7.61	 
41.38529586	2.09995174	7.59	 
41.38529586	2.09995174	7.65	 
41.38529586	2.09994339	7.33	 
41.38529586	2.09993481	7.15	 
41.38529586	2.09993004	7.29	 
41.38529586	2.09992504	7.77	 
41.38529586	2.09992504	8.45	 
41.38529586	2.09991979	9.99	 
41.38528823	2.09991502	8.69	 
41.38528823	2.09990811	13.07	 
41.38528823	2.09990167	10.69	 
41.38528823	2.09990167	8.83	 
41.38528823	2.09989500	8.01	 
41.38527679	2.09988999	7.59	 
41.38527679	2.09988331	7.73	 
41.38527679	2.09987497	7.51	 
41.38527679	2.09987497	7.73	 
41.38526916	2.09986639	7.59	 
41.38526916	2.09985661	7.73	 
41.38526916	2.09984660	7.77	 
41.38526916	2.09983682	7.69	 
41.38526916	2.09983682	7.91	 
41.38526916	2.09982657	7.87	 
41.38526153	2.09981656	7.79	 
41.38526153	2.09980821	8.19	 
41.38526153	2.09980010	8.29	 
41.38526153	2.09980010	8.05	 
41.38526153	2.09979176	8.23	 
41.38526916	2.09978508	8.15	 
41.38526916	2.09977817	8.79	 
41.38526916	2.09977674	8.27	 
41.38526916	2.09977674	8.05	 
41.38527679	2.09978008	7.41	 
41.38527679	2.09978985	7.19	 
41.38528823	2.09980010	7.05	 
41.38528823	2.09980821	7.33	 
41.38528823	2.09980821	7.15	 
41.38528823	2.09981656	7.27	 
41.38528823	2.09982514	7.23	 
41.38528823	2.09983491	7.41	 
41.38529586	2.09984517	7.33	 
41.38529586	2.09984517	7.45	 
41.38529586	2.09985327	7.33	 
41.38530349	2.09986162	7.33	 
41.38530349	2.09987330	7.29	 
41.38530349	2.09988331	7.51	 
41.38530349	2.09988331	7.37	 
41.38531112	2.09989309	7.15	 
41.38531112	2.09990334	7.11	 
41.38531875	2.09991335	7.27	 
41.38531875	2.09992313	7.15	 
41.38531875	2.09992313	7.41	 
41.38532638	2.09993147	7.91	 
41.38532638	2.09994006	13.95	 
41.38532638	2.09994649	9.99	 
41.38533401	2.09995174	8.05	 
41.38533401	2.09995174	17.93	 
41.38532638	2.09995508	11.41	 
41.38532638	2.09995317	9.07	 
41.38532638	2.09995174	16.39	 
41.38533401	2.09995508	8.13	 
41.38533401	2.09995508	7.61	 
41.38533401	2.09996008	7.95	 
41.38534164	2.09997010	8.15	 
41.38534164	2.09998178	8.33	 
41.38534164	2.09999155	8.47	 
41.38534164	2.09999155	9.03	 
41.38534164	2.09999990	8.87	 
41.38535308	2.10000157	8.71	 
41.38536071	2.09999823	8.27	 
41.38536071	2.09999012	7.77	 
41.38536071	2.09999012	7.47	 
41.38536071	2.09997987	7.73	 
41.38536071	2.09997510	8.13	 
41.38536071	2.09997320	8.13	 
41.38536071	2.09997320	7.87	 
41.38536071	2.09997320	7.51	 
41.38536071	2.09997010	7.61	 
41.38536071	2.09997010	7.51	 
41.38535308	2.09996151	7.29	 
41.38535308	2.09995174	7.27	 
41.38535308	2.09995174	7.29	 
41.38535308	2.09994149	7.27	 
41.38534164	2.09993338	7.05	 
41.38534164	2.09992313	7.29	 
41.38534164	2.09991502	7.11	 
41.38534164	2.09991502	7.45	 
41.38533401	2.09990668	7.33	 
41.38533401	2.09989643	7.29	 
41.38533401	2.09988498	7.45	 
41.38533401	2.09987497	7.47	 
41.38533401	2.09987497	7.61	 
41.38533401	2.09986495	7.55	 
41.38532638	2.09985661	7.51	 
41.38532638	2.09984850	7.33	 
41.38532638	2.09983825	7.47	 
41.38532638	2.09983825	7.47	 
41.38532638	2.09983015	7.51	 
41.38531875	2.09982180	7.73	 
41.38531875	2.09981155	7.73	 
41.38531875	2.09980344	8.09	 
41.38531875	2.09980344	8.33	 
41.38531875	2.09979844	9.03	 
41.38531875	2.09979510	8.93	 
41.38531875	2.09979319	9.07	 
41.38532638	2.09979510	9.71	 
41.38532638	2.09979510	9.75	 
41.38532638	2.09980154	9.71	 
41.38532638	2.09980487	9.99	 
41.38532638	2.09980344	9.99	 
41.38532638	2.09979510	10.41	 
41.38532638	2.09979510	10.37	 
41.38532638	2.09978985	9.95	 
41.38533401	2.09978842	9.89	 
41.38533401	2.09978985	9.71	 
41.38533401	2.09979510	9.19	 
41.38533401	2.09979510	9.03	 
41.38534164	2.09980010	10.37	 
41.38534164	2.09980154	10.99	 
41.38534164	2.09980344	10.57	 
41.38535308	2.09980487	9.77	 
41.38535308	2.09980487	9.81	 
41.38535308	2.09980010	8.79	 
41.38536071	2.09979319	8.93	 
41.38536071	2.09978842	10.05	 
41.38536071	2.09978342	11.41	 
41.38536071	2.09978342	8.51	 
41.38536071	2.09978151	8.97	 
41.38536834	2.09978008	8.27	 
41.38536834	2.09977674	8.83	 
41.38536834	2.09977173	9.19	 
41.38536834	2.09977173	9.33	 
41.38536834	2.09976649	9.77	 
41.38536834	2.09976506	10.09	 
41.38537597	2.09976506	9.67	 
41.38537597	2.09976315	9.63	 
41.38537597	2.09976315	9.75	 
41.38538360	2.09976649	10.19	 
41.38538360	2.09977340	9.33	 
41.38538360	2.09977817	8.71	 
41.38538360	2.09978342	8.65	 
41.38538360	2.09978342	8.83	 
41.38537597	2.09978842	8.59	 
41.38537597	2.09979510	8.15	 
41.38537597	2.09980010	7.95	 
41.38537597	2.09980678	8.05	 
41.38537597	2.09980678	8.69	 
41.38536834	2.09981322	11.71	 
41.38536834	2.09981656	11.95	 
41.38536071	2.09981656	11.71	 
41.38535308	2.09981846	11.85	 
41.38535308	2.09981846	11.65	 
41.38535308	2.09981656	11.75	 
41.38535308	2.09981322	11.71	 
41.38535308	2.09981322	11.95	 
41.38535308	2.09981513	11.95	 
41.38535308	2.09981513	11.89	 
41.38535308	2.09981513	11.71	 
41.38535308	2.09981513	12.03	 
41.38535308	2.09981846	11.89	 
41.38534164	2.09981846	11.67	 
41.38534164	2.09981846	11.67	 
41.38534164	2.09981656	11.75	 
41.38534164	2.09981513	11.89	 
41.38534164	2.09981656	12.29	 
41.38535308	2.09981989	12.91	 
41.38535308	2.09981989	13.01	 
41.38535308	2.09982323	12.81	 
41.38536071	2.09982514	12.77	 
41.38536071	2.09982514	13.51	 
41.38536071	2.09982514	13.07	 
41.38536071	2.09982514	13.05	 
41.38536071	2.09982323	12.51	 
41.38536071	2.09982180	12.53	 
41.38536071	2.09981989	12.47	 
41.38536071	2.09981989	12.39	 
41.38536071	2.09981989	11.37	 
41.38536071	2.09981989	11.31	 
41.38536071	2.09982180	10.93	 
41.38536071	2.09982323	11.17	 
41.38536071	2.09982514	11.23	 
41.38536071	2.09982514	11.45	 
41.38536071	2.09983015	11.17	 
41.38536071	2.09983348	10.99	 
41.38536834	2.09983682	11.07	 
41.38536834	2.09984159	11.23	 
41.38536834	2.09984159	10.83	 
41.38536834	2.09984517	11.47	 
41.38536071	2.09984993	11.65	 
41.38536071	2.09985494	11.61	 
41.38536071	2.09985828	11.81	 
41.38536071	2.09985828	10.89	 
41.38535308	2.09986329	11.03	 
41.38535308	2.09986639	10.83	 
41.38535308	2.09986996	11.03	 
41.38535308	2.09987497	11.37	 
41.38535308	2.09987497	11.27	 
41.38535308	2.09987998	11.75	 
41.38535308	2.09988498	12.39	 
41.38535308	2.09989166	12.39	 
41.38535308	2.09989643	12.57	 
41.38535308	2.09989643	12.47	 
41.38536071	2.09990000	12.37	 
41.38536071	2.09990477	12.13	 
41.38536071	2.09991145	12.27	 
41.38536071	2.09991669	12.09	 
41.38536071	2.09991669	11.45	 
41.38536834	2.09991836	11.61	 
41.38536834	2.09991502	12.17	 
41.38536834	2.09991002	12.09	 
41.38536834	2.09990477	12.13	 
41.38536834	2.09990477	12.05	 
41.38536071	2.09990811	11.31	 
41.38536071	2.09991836	11.21	 
41.38536071	2.09992837	11.37	 
41.38536071	2.09993338	11.17	 
41.38536071	2.09993338	11.07	 
41.38536071	2.09993672	10.69	 
41.38535308	2.09994339	11.45	 
41.38536071	2.09995317	12.29	 
41.38536834	2.09996151	13.21	 
41.38536834	2.09996151	12.83	 
41.38537597	2.09996342	12.87	 
41.38537597	2.09996151	11.03	 
41.38538360	2.09996676	10.83	 
41.38538360	2.09997153	10.13	 
41.38538360	2.09997153	10.05	 
41.38538360	2.09997653	11.17	 
41.38538360	2.09997987	12.13	 
41.38537597	2.09997653	11.95	 
41.38537597	2.09997320	12.23	 
41.38537597	2.09997320	12.51	 
41.38537597	2.09997510	12.29	 
41.38536834	2.09997987	12.87	 
41.38536834	2.09998488	12.77	 
41.38536834	2.09999155	12.39	 
41.38536834	2.09999155	12.09	 
41.38536834	2.09999489	11.37	 
41.38537597	2.09999489	11.09	 
41.38537597	2.09999346	12.13	 
41.38537597	2.09998822	12.23	 
41.38537597	2.09998822	11.95	 
41.38537597	2.09998488	11.89	 
41.38537597	2.09998321	11.13	 
41.38537597	2.09998655	9.91	 
41.38538360	2.09998655	10.19	 
41.38538360	2.09998655	10.13	 
41.38538360	2.09998655	10.03	 
41.38538360	2.09998321	10.19	 
41.38538360	2.09997844	10.57	 
41.38538360	2.09997010	10.79	 
41.38538360	2.09997010	11.03	 
41.38538360	2.09996485	10.89	 
41.38538360	2.09995818	11.07	 
41.38538360	2.09995174	10.75	 
41.38538360	2.09994506	10.69	 
41.38538360	2.09994506	10.17	 
41.38538360	2.09993672	9.35	 
41.38538360	2.09992837	8.75	 
41.38538360	2.09992170	8.69	 
41.38538360	2.09991502	8.59	 
41.38538360	2.09991502	9.61	 
41.38538360	2.09990668	8.45	 
41.38538360	2.09990000	8.29	 
41.38538360	2.09988999	8.23	 
41.38538360	2.09988141	8.27	 
41.38538360	2.09988141	8.51	 
41.38538360	2.09987330	8.01	 
41.38538360	2.09986495	7.01	 
41.38538360	2.09985661	6.87	 
41.38538360	2.09984660	7.65	 
41.38538360	2.09984660	6.73	 
41.38538360	2.09983992	7.11	 
41.38537597	2.09983158	6.35	 
41.38537597	2.09982514	8.09	 
41.38537597	2.09981846	7.01	 
41.38537597	2.09981846	7.05	 
41.38537597	2.09981322	7.05	 
41.38537597	2.09980678	7.29	 
41.38537597	2.09980010	6.75	 
41.38537597	2.09979510	6.43	 
41.38537597	2.09979510	6.39	 
41.38537597	2.09978985	6.51	 
41.38537597	2.09978342	6.11	 
41.38536834	2.09977817	6.43	 
41.38536834	2.09977173	7.23	 
41.38536834	2.09977173	8.29	 
41.38536834	2.09976506	8.47	 
41.38536834	2.09975838	9.39	 
41.38536834	2.09975337	10.03	 
41.38537597	2.09974813	9.91	 
41.38537597	2.09974813	9.07	 
41.38537597	2.09974670	9.63	 
41.38538360	2.09974670	9.15	 
41.38538360	2.09975004	10.23	 
41.38538360	2.09975504	10.51	 
41.38538360	2.09975504	10.47	 
41.38538360	2.09975981	9.49	 
41.38538360	2.09976506	9.47	 
41.38539123	2.09977006	9.35	 
41.38539123	2.09977674	9.33	 
41.38539123	2.09977674	10.09	 
41.38539123	2.09978342	10.17	 
41.38539123	2.09978985	10.93	 
41.38539123	2.09979844	10.43	 
41.38539123	2.09980678	10.65	 
41.38539123	2.09980678	9.89	 
41.38539886	2.09981322	9.75	 
41.38539886	2.09981989	8.87	 
41.38539886	2.09982824	8.89	 
41.38539886	2.09982824	9.35	 
41.38539886	2.09983682	9.07	 
41.38539886	2.09984517	9.47	 
41.38539886	2.09985136	9.43	 
41.38539886	2.09985828	9.33	 
41.38541030	2.09986495	8.89	 
41.38541030	2.09986495	10.23	 
41.38541030	2.09986996	9.25	 
41.38541030	2.09987497	9.21	 
41.38541030	2.09988141	9.57	 
41.38541030	2.09988999	9.75	 
41.38541030	2.09988999	9.63	 
41.38541030	2.09989833	10.09	 
41.38541030	2.09990477	10.33	 
41.38541030	2.09991335	10.51	 
41.38541030	2.09992313	10.43	 
41.38541030	2.09992313	10.43	 
41.38541793	2.09993004	11.03	 
41.38541793	2.09993815	11.33	 
41.38541793	2.09994649	11.13	 
41.38541793	2.09995174	11.79	 
41.38541793	2.09995174	11.85	 
41.38542556	2.09995508	12.03	 
41.38542556	2.09995818	12.57	 
41.38543319	2.09996008	11.71	 
41.38543319	2.09995818	10.57	 
41.38543319	2.09995818	11.09	 
41.38543319	2.09995317	10.55	 
41.38543319	2.09994649	10.33	 
41.38543319	2.09994149	10.31	 
41.38543319	2.09993672	9.81	 
41.38543319	2.09993672	8.37	 
41.38543319	2.09993147	8.87	 
41.38543319	2.09992504	8.29	 
41.38543319	2.09991502	7.45	 
41.38543319	2.09990668	6.93	 
41.38543319	2.09990668	6.53	 
41.38543319	2.09990000	6.75	 
41.38542556	2.09989166	6.65	 
41.38542556	2.09988498	8.13	 
41.38542556	2.09987664	7.51	 
41.38542556	2.09987664	6.65	 
41.38542556	2.09986829	5.77	 
41.38542556	2.09986162	5.81	 
41.38542556	2.09985136	5.85	 
41.38541793	2.09984326	5.55	 
41.38541793	2.09984326	5.85	 
41.38541793	2.09983682	7.45	 
41.38541793	2.09983015	7.55	 
41.38541793	2.09982323	8.09	 
41.38541793	2.09982323	7.47	 
41.38541793	2.09981656	6.75	 
41.38541793	2.09980821	6.83	 
41.38541793	2.09980154	7.29	 
41.38541030	2.09979510	7.47	 
41.38541030	2.09979510	7.95	 
41.38541030	2.09978842	7.87	 
41.38541030	2.09978151	8.47	 
41.38541030	2.09977483	8.69	 
41.38541030	2.09976840	8.37	 
41.38541030	2.09976649	8.13	 
41.38541030	2.09976649	8.37	 
41.38541030	2.09976649	8.15	 
41.38541030	2.09976649	8.93	 
41.38541030	2.09977006	9.19	 
41.38541030	2.09977006	9.11	 
41.38541030	2.09977173	8.55	 
41.38541793	2.09977340	8.61	 
41.38541793	2.09977340	9.67	 
41.38541793	2.09977483	10.43	 
41.38541793	2.09977483	11.51	 
41.38541793	2.09977674	11.23	 
41.38541793	2.09977674	10.93	 
41.38541793	2.09977817	10.99	 
41.38541793	2.09977817	10.85	 
41.38541793	2.09977817	11.09	 
41.38541793	2.09977817	10.75	 
41.38541793	2.09977674	10.65	 
41.38541793	2.09977817	10.83	 
41.38541793	2.09977674	10.99	 
41.38541793	2.09977674	10.61	 
41.38541793	2.09977340	10.65	 
41.38541793	2.09977006	10.61	 
41.38541793	2.09976649	10.95	 
41.38542556	2.09976506	10.43	 
41.38542556	2.09976506	10.83	 
41.38542556	2.09975838	9.71	 
41.38542556	2.09975838	9.95	 
41.38542556	2.09975838	10.23	 
41.38542556	2.09975504	10.43	 
41.38542556	2.09975504	9.89	 
41.38542556	2.09975504	9.77	 
41.38541793	2.09975504	9.61	 
41.38542556	2.09975147	10.09	 
41.38542556	2.09974813	9.25	 
41.38542556	2.09974813	8.59	 
41.38542556	2.09975004	9.49	 
41.38542556	2.09974813	9.67	 
41.38542556	2.09974503	8.93	 
41.38542556	2.09974002	8.87	 
41.38542556	2.09974002	8.89	 
41.38542556	2.09973502	8.65	 
41.38543319	2.09973502	9.89	 
41.38543319	2.09973835	9.61	 
41.38544082	2.09974503	13.45	 
41.38544082	2.09974503	14.69	 
41.38544082	2.09975337	13.01	 
41.38544082	2.09976315	12.33	 
41.38544082	2.09977173	11.55	 
41.38544845	2.09978008	12.57	 
41.38544845	2.09978008	13.71	 
41.38544845	2.09978842	14.91	 
41.38544845	2.09979653	14.65	 
41.38544845	2.09980487	15.01	 
41.38544082	2.09981846	15.41	 
41.38544082	2.09981846	16.03	 
41.38544082	2.09983015	13.95	 
41.38544082	2.09984326	14.75	 
41.38544082	2.09985136	12.13	 
41.38543319	2.09986162	13.65	 
41.38543319	2.09986162	14.15	 
41.38543319	2.09986996	15.15	 
41.38543319	2.09987497	13.49	 
41.38543319	2.09988141	14.95	 
41.38543319	2.09988832	14.39	 
41.38543319	2.09989500	13.95	 
41.38543319	2.09989500	12.51	 
41.38543319	2.09990334	12.87	 
41.38543319	2.09991002	12.47	 
41.38543319	2.09991669	11.17	 
41.38543319	2.09991669	11.51	 
41.38543319	2.09992313	11.45	 
41.38543319	2.09993004	11.75	 
41.38543319	2.09993672	11.13	 
41.38543319	2.09994506	12.17	 
41.38543319	2.09995174	13.05	 
41.38543319	2.09995174	13.45	 
41.38544082	2.09995508	13.51	 
41.38544082	2.09995174	12.91	 
41.38544845	2.09994506	13.69	 
41.38544845	2.09994506	12.27	 
41.38544845	2.09993672	12.27	 
41.38544082	2.09992837	11.85	 
41.38544082	2.09992170	11.37	 
41.38544082	2.09991335	12.43	 
41.38544082	2.09990477	13.17	 
41.38544082	2.09990477	12.95	 
41.38544082	2.09989643	13.41	 
41.38544082	2.09988999	11.17	 
41.38543319	2.09988331	11.57	 
41.38543319	2.09988331	12.37	 
41.38543319	2.09987664	11.75	 
41.38543319	2.09986829	11.57	 
41.38543319	2.09986019	12.87	 
41.38543319	2.09985136	13.85	 
41.38543319	2.09984326	12.57	 
41.38543319	2.09984326	14.19	 
41.38543319	2.09983491	11.61	 
41.38543319	2.09982824	10.85	 
41.38543319	2.09982180	9.47	 
41.38543319	2.09981155	11.57	 
41.38543319	2.09981155	11.89	 
41.38543319	2.09980344	11.99	 
41.38543319	2.09979653	12.03	 
41.38543319	2.09978842	13.21	 
41.38543319	2.09978151	12.77	 
41.38543319	2.09978151	11.81	 
41.38543319	2.09977483	11.07	 
41.38543319	2.09976649	10.83	 
41.38543319	2.09976172	11.09	 
41.38543319	2.09976172	11.51	 
41.38543319	2.09975671	11.03	 
41.38542556	2.09975337	11.81	 
41.38542556	2.09975337	11.95	 
41.38542556	2.09975337	12.37	 
41.38542556	2.09975337	14.29	 
41.38543319	2.09975838	16.75	 
41.38544082	2.09976649	17.95	 
41.38544082	2.09977340	17.37	 
41.38544082	2.09977817	17.89	 
41.38544845	2.09978342	18.41	 
41.38544845	2.09978342	18.63	 
41.38544845	2.09979176	19.45	 
41.38544845	2.09980010	20.05	 
41.38544845	2.09980821	18.71	 
41.38544845	2.09981846	18.05	 
41.38544845	2.09981846	17.43	 
41.38544845	2.09982657	17.93	 
41.38545608	2.09983682	18.59	 
41.38545608	2.09984517	18.95	 
41.38545608	2.09984517	18.79	 
41.38545608	2.09985494	19.47	 
41.38545608	2.09986329	16.29	 
41.38545608	2.09986996	17.95	 
41.38545608	2.09987807	20.73	 
41.38545608	2.09987807	10.03	 
41.38544845	2.09988331	4.63	 
41.38544845	2.09988331	-2.59	 
41.38544845	2.09988331	4.67	 
41.38544845	2.09988331	-4.65	 
41.38544845	2.09988331	16.99	 
41.38544845	2.09988331	15.29	 
41.38544845	2.09988665	18.95	 
41.38545608	2.09989166	20.89	 
41.38545608	2.09989643	18.81	 
41.38545608	2.09989643	18.71	 
41.38545608	2.09990334	17.27	 
41.38545608	2.09991335	17.83	 
41.38544845	2.09992313	17.33	 
41.38544845	2.09993147	14.61	 
41.38544082	2.09993672	13.51	 
41.38544082	2.09993672	13.95	 
41.38544082	2.09994006	13.35	 
41.38544082	2.09994339	14.81	 
41.38543319	2.09994840	12.91	 
41.38543319	2.09994840	14.15	 
41.38543319	2.09995317	14.99	 
41.38542556	2.09996008	14.21	 
41.38543319	2.09996676	12.81	 
41.38543319	2.09997010	12.53	 
41.38543319	2.09997010	12.39	 
41.38543319	2.09997320	13.49	 
41.38543319	2.09997510	14.71	 
41.38543319	2.09997653	13.91	 
41.38542556	2.09997987	12.71	 
41.38542556	2.09997987	12.33	 
41.38543319	2.09997844	12.09	 
41.38543319	2.09997653	12.19	 
41.38543319	2.09997510	12.67	 
41.38543319	2.09997320	12.71	 
41.38543319	2.09997153	12.87	 
41.38543319	2.09997153	12.95	 
41.38543319	2.09997010	13.15	 
41.38543319	2.09996676	13.11	 
41.38543319	2.09996676	14.75	 
41.38543319	2.09996676	15.11	 
41.38543319	2.09996485	15.57	 
41.38543319	2.09996342	14.11	 
41.38544082	2.09996342	15.45	 
41.38544082	2.09996008	13.91	 
41.38544082	2.09996008	13.55	 
41.38544082	2.09995651	12.97	 
41.38544082	2.09995818	13.15	 
41.38543319	2.09995651	12.39	 
41.38543319	2.09995651	13.95	 
41.38543319	2.09995651	13.31	 
41.38544082	2.09995317	14.61	 
41.38544082	2.09994649	14.89	 
41.38544082	2.09994506	14.91	 
41.38544845	2.09994649	14.81	 
41.38544845	2.09994649	14.11	 
41.38545608	2.09994840	13.71	 
41.38545608	2.09994840	15.31	 
41.38545608	2.09994840	15.67	 
41.38545608	2.09994506	15.85	 
41.38545608	2.09994506	17.47	 
41.38545608	2.09994149	17.37	 
41.38545608	2.09993815	16.63	 
41.38545608	2.09993815	16.37	 
41.38546371	2.09994006	16.75	 
41.38546371	2.09994006	15.85	 
41.38546371	2.09994149	16.65	 
41.38546371	2.09994339	16.85	 
41.38546371	2.09994339	16.17	 
41.38546371	2.09994339	15.81	 
41.38546371	2.09994339	14.05	 
41.38546371	2.09994339	13.49	 
41.38546371	2.09994149	14.11	 
41.38546371	2.09994149	15.71	 
41.38547515	2.09993815	15.29	 
41.38547515	2.09993815	16.39	 
41.38547515	2.09993481	14.75	 
41.38547515	2.09993147	15.85	 
41.38547515	2.09992837	16.11	 
41.38548278	2.09992504	16.21	 
41.38548278	2.09992504	16.73	 
41.38548278	2.09992313	17.09	 
41.38548278	2.09992504	16.85	 
41.38548278	2.09992647	16.21	 
41.38548278	2.09992837	15.65	 
41.38548278	2.09992837	14.01	 
41.38549041	2.09993004	14.45	 
41.38549041	2.09993338	11.65	 
41.38549804	2.09994006	14.95	 
41.38550567	2.09994339	16.33	 
41.38550567	2.09994339	14.81	 
41.38550567	2.09994506	16.29	 
41.38551330	2.09994339	15.55	 
41.38551330	2.09994006	16.39	 
41.38552093	2.09993481	15.15	 
41.38552093	2.09993481	16.49	 
41.38552093	2.09993147	14.69	 
41.38553237	2.09993004	14.15	 
41.38553237	2.09992647	13.81	 
41.38553237	2.09991669	15.09	 
41.38553237	2.09991669	13.51	 
41.38553237	2.09990167	14.51	 
41.38553237	2.09989166	13.89	 
41.38554000	2.09988665	16.73	 
41.38554000	2.09987807	15.37	 
41.38554000	2.09987807	14.31	 
41.38553237	2.09986996	13.95	 
41.38553237	2.09986329	14.05	 
41.38553237	2.09986019	13.85	 
41.38554000	2.09985661	13.89	 
41.38554000	2.09985661	14.61	 
41.38553237	2.09985136	15.97	 
41.38553237	2.09984850	18.25	 
41.38553237	2.09984517	15.37	 
41.38554000	2.09984517	14.79	 
41.38554000	2.09984517	17.69	 
41.38554000	2.09983825	15.85	 
41.38554000	2.09983491	18.33	 
41.38554763	2.09982824	16.57	 
41.38554763	2.09982180	21.83	 
41.38554763	2.09982180	18.49	 
41.38554763	2.09981846	19.09	 
41.38554763	2.09981513	20.09	 
41.38554763	2.09981513	19.87	 
41.38554763	2.09981322	18.25	 
41.38554763	2.09981322	20.37	 
41.38554763	2.09981155	20.31	 
41.38554763	2.09980821	21.85	 
41.38554000	2.09980487	22.75	 
41.38554000	2.09980010	23.59	 
41.38554000	2.09980010	24.03	 
41.38554000	2.09979510	23.91	 
41.38554000	2.09979176	21.61	 
41.38554000	2.09978842	19.41	 
41.38554000	2.09978151	18.41	 
41.38554000	2.09978151	17.17	 
41.38554000	2.09977674	15.29	 
41.38554000	2.09977173	14.11	 
41.38554000	2.09976649	14.19	 
41.38554000	2.09975504	14.01	 
41.38554000	2.09975504	13.59	 
41.38554000	2.09974813	13.75	 
41.38554000	2.09974002	13.99	 
41.38554000	2.09973311	14.15	 
41.38554000	2.09972834	14.21	 
41.38554000	2.09972834	15.47	 
41.38554000	2.09972143	16.39	 
41.38554000	2.09971666	16.63	 
41.38554000	2.09971332	16.83	 
41.38554000	2.09970998	16.49	 
41.38554000	2.09970998	15.91	 
41.38554000	2.09970831	15.71	 
41.38554000	2.09970641	14.75	 
41.38554000	2.09970498	13.41	 
41.38554000	2.09970641	12.97	 
41.38554000	2.09970641	13.27	 
41.38554000	2.09970998	13.41	 
41.38554000	2.09971165	13.55	 
41.38554000	2.09970831	13.69	 
41.38554000	2.09971165	13.89	 
41.38554000	2.09971165	13.69	 
41.38554000	2.09971499	13.85	 
41.38554000	2.09972000	14.41	 
41.38554000	2.09972667	14.75	 
41.38554000	2.09973168	15.51	 
41.38554000	2.09973168	17.11	 
41.38554000	2.09973835	18.41	 
41.38554000	2.09974670	20.87	 
41.38554000	2.09975337	23.23	 
41.38554000	2.09975981	23.15	 
41.38554000	2.09975981	23.51	 
41.38554000	2.09976840	23.21	 
41.38554000	2.09977674	23.45	 
41.38554000	2.09978342	22.43	 
41.38554000	2.09978985	24.05	 
41.38554000	2.09978985	23.81	 
41.38554000	2.09979510	21.61	 
41.38554000	2.09980010	21.63	 
41.38554000	2.09980487	21.85	 
41.38554000	2.09981012	18.43	 
41.38554000	2.09981012	20.81	 
41.38554000	2.09981513	19.33	 
41.38554000	2.09981989	21.11	 
41.38554000	2.09982657	20.95	 
41.38554000	2.09983158	20.09	 
41.38554000	2.09983158	18.41	 
41.38554000	2.09983682	17.83	 
41.38554000	2.09984326	19.41	 
41.38554000	2.09984993	19.57	 
41.38554000	2.09985828	22.87	 
41.38554000	2.09985828	22.83	 
41.38554000	2.09986495	22.35	 
41.38553237	2.09987330	22.23	 
41.38553237	2.09987998	22.11	 
41.38553237	2.09988832	21.97	 
41.38553237	2.09988832	17.15	 
41.38553237	2.09989500	17.95	 
41.38553237	2.09990167	15.35	 
41.38552093	2.09990477	21.43	 
41.38551330	2.09990167	19.73	 
41.38551330	2.09990167	17.89	 
41.38551330	2.09989500	18.91	 
41.38551330	2.09989166	20.71	 
41.38551330	2.09988665	20.05	 
41.38551330	2.09987807	18.81	 
41.38551330	2.09987807	20.99	 
41.38551330	2.09987163	20.37	 
41.38551330	2.09986639	19.67	 
41.38551330	2.09986162	17.99	 
41.38551330	2.09985494	16.17	 
41.38551330	2.09985494	15.93	 
41.38552093	2.09984993	16.23	 
41.38552093	2.09984159	15.01	 
41.38552093	2.09983682	15.67	 
41.38552093	2.09983158	15.29	 
41.38552093	2.09983158	13.15	 
41.38552093	2.09982657	18.31	 
41.38553237	2.09982657	15.29	 
41.38553237	2.09982323	14.95	 
41.38553237	2.09981846	14.19	 
41.38553237	2.09981846	15.19	 
41.38553237	2.09981322	14.19	 
41.38553237	2.09980821	14.29	 
41.38553237	2.09980344	14.39	 
41.38553237	2.09980010	14.49	 
41.38553237	2.09980010	12.03	 
41.38554000	2.09979319	12.03	 
41.38554000	2.09978652	12.33	 
41.38554000	2.09977817	11.85	 
41.38553237	2.09976840	11.65	 
41.38553237	2.09976840	11.17	 
41.38553237	2.09976172	10.79	 
41.38553237	2.09975504	11.13	 
41.38553237	2.09975004	11.61	 
41.38553237	2.09974503	11.99	 
41.38553237	2.09974503	12.09	 
41.38553237	2.09974002	12.43	 
41.38553237	2.09973645	12.97	 
41.38552093	2.09973835	12.83	 
41.38551330	2.09973645	12.77	 
41.38551330	2.09973645	12.77	 
41.38551330	2.09973645	12.87	 
41.38550567	2.09974002	14.05	 
41.38550567	2.09974336	14.19	 
41.38550567	2.09974813	15.11	 
41.38550567	2.09974813	14.99	 
41.38550567	2.09975671	14.39	 
41.38550567	2.09976315	13.71	 
41.38550567	2.09977006	13.17	 
41.38549804	2.09977674	13.61	 
41.38549804	2.09977674	13.39	 
41.38549804	2.09978151	13.31	 
41.38549804	2.09978842	13.41	 
41.38549804	2.09979510	14.15	 
41.38549804	2.09979844	13.81	 
41.38549804	2.09979844	13.39	 
41.38549804	2.09980344	13.21	 
41.38549804	2.09981012	12.91	 
41.38549804	2.09981846	13.11	 
41.38549041	2.09982514	13.11	 
41.38549041	2.09982514	13.15	 
41.38549041	2.09983015	12.77	 
41.38549041	2.09983491	12.87	 
41.38549041	2.09983825	12.97	 
41.38549041	2.09984159	15.87	 
41.38549041	2.09984159	14.19	 
41.38549041	2.09984517	17.09	 
41.38549804	2.09984850	20.39	 
41.38549804	2.09985327	18.87	 
41.38549804	2.09985661	15.57	 
41.38549804	2.09985661	16.27	 
41.38549804	2.09986162	14.75	 
41.38549804	2.09986639	15.45	 
41.38549804	2.09986996	17.27	 
41.38549804	2.09987664	21.07	 
41.38549804	2.09987664	21.67	 
41.38549804	2.09988331	22.07	 
41.38550567	2.09989166	19.73	 
41.38550567	2.09990000	16.65	 
41.38550567	2.09990811	12.77	 
41.38550567	2.09990811	11.45	 
41.38550567	2.09991502	11.09	 
41.38550567	2.09992313	11.67	 
41.38550567	2.09993147	11.37	 
41.38550567	2.09993815	14.39	 
41.38550567	2.09993815	14.35	 
41.38550567	2.09994149	16.13	 
41.38550567	2.09993672	15.97	 
41.38549804	2.09992837	16.49	 
41.38549804	2.09992313	16.17	 
41.38549804	2.09992313	23.29	 
41.38549804	2.09991335	19.39	 
41.38549804	2.09990167	24.87	 
41.38549041	2.09989166	24.33	 
41.38548278	2.09988498	23.87	 
41.38548278	2.09988498	18.31	 
41.38548278	2.09987807	16.07	 
41.38548278	2.09987163	16.43	 
41.38548278	2.09986829	15.55	 
41.38548278	2.09986329	17.01	 
41.38548278	2.09986329	16.99	 
41.38548278	2.09985828	16.03	 
41.38548278	2.09985828	16.83	 
41.38547515	2.09985661	16.43	 
41.38547515	2.09985494	16.79	 
41.38547515	2.09985494	16.59	 
41.38547515	2.09985327	16.11	 
41.38547515	2.09984993	15.57	 
41.38547515	2.09984517	15.87	 
41.38546371	2.09983992	15.21	 
41.38546371	2.09983992	14.31	 
41.38546371	2.09983682	12.73	 
41.38546371	2.09983158	13.05	 
41.38546371	2.09982514	15.09	 
41.38547515	2.09981846	15.05	 
41.38547515	2.09981846	13.31	 
41.38547515	2.09981513	14.39	 
41.38547515	2.09981513	14.99	 
41.38547515	2.09981513	15.15	 
41.38547515	2.09981155	13.95	 
41.38547515	2.09981155	14.69	 
41.38547515	2.09980821	15.19	 
41.38546371	2.09980344	14.55	 
41.38546371	2.09979653	16.29	 
41.38546371	2.09978985	17.31	 
41.38546371	2.09978985	15.97	 
41.38547515	2.09978342	16.13	 
41.38547515	2.09977817	15.41	 
41.38547515	2.09977483	15.35	 
41.38547515	2.09977674	15.47	 
41.38547515	2.09977674	14.65	 
41.38547515	2.09977674	17.05	 
41.38547515	2.09977483	16.23	 
41.38546371	2.09977173	16.07	 
41.38546371	2.09975981	13.27	 
41.38546371	2.09975981	12.77	 
41.38546371	2.09975504	12.53	 
41.38546371	2.09975147	12.47	 
41.38546371	2.09975147	12.53	 
41.38546371	2.09975337	12.77	 
41.38546371	2.09975337	12.91	 
41.38545608	2.09975504	12.95	 
41.38545608	2.09975504	13.11	 
41.38545608	2.09975671	13.01	 
41.38545608	2.09975671	12.97	 
41.38545608	2.09975671	12.97	 
41.38545608	2.09975838	13.17	 
41.38544845	2.09975981	13.17	 
41.38544845	2.09975981	13.39	 
41.38544845	2.09975981	14.31	 
41.38544845	2.09975981	13.21	 
41.38544845	2.09975981	13.69	 
41.38544845	2.09975981	13.17	 
41.38544845	2.09975981	13.51	 
41.38544845	2.09975838	13.71	 
41.38544845	2.09975838	15.19	 
41.38544845	2.09975838	15.51	 
41.38544082	2.09976172	17.21	 
41.38544082	2.09976649	18.95	 
41.38544845	2.09977817	17.51	 
41.38544845	2.09977817	16.79	 
41.38544845	2.09978652	18.63	 
41.38546371	2.09979319	21.29	 
41.38547515	2.09978985	22.29	 
41.38547515	2.09978652	18.79	 
41.38547515	2.09978652	19.45	 
41.38547515	2.09978342	19.23	 
41.38547515	2.09977817	17.69	 
41.38547515	2.09977340	16.07	 
41.38547515	2.09977006	15.57	 
41.38547515	2.09977006	14.55	 
41.38547515	2.09976840	15.15	 
41.38547515	2.09976649	16.29	 
41.38548278	2.09977006	17.33	 
41.38548278	2.09977674	17.75	 
41.38548278	2.09977674	19.61	 
41.38548278	2.09978151	20.55	 
41.38548278	2.09978652	19.35	 
41.38548278	2.09978985	19.51	 
41.38549041	2.09978842	18.47	 
41.38549041	2.09978842	17.27	 
41.38549041	2.09978508	16.27	 
41.38549041	2.09978008	14.21	 
41.38549041	2.09977173	13.65	 
41.38549041	2.09976649	13.21	 
41.38549041	2.09976649	12.67	 
41.38549041	2.09976315	13.15	 
41.38549804	2.09976315	13.41	 
41.38549804	2.09976506	13.69	 
41.38549804	2.09976840	13.89	 
41.38549804	2.09976840	14.21	 
41.38549804	2.09977483	15.51	 
41.38549804	2.09978342	17.01	 
41.38549804	2.09978842	17.01	 
41.38549804	2.09978985	16.21	 
41.38549804	2.09978985	17.79	 
41.38549804	2.09979510	18.43	 
41.38549041	2.09980154	17.63	 
41.38549041	2.09980487	17.51	 
41.38549041	2.09980487	17.79	 
41.38549041	2.09980487	17.75	 
41.38548278	2.09980821	18.15	 
41.38548278	2.09981012	17.75	 
41.38548278	2.09981322	16.99	 
41.38548278	2.09981513	17.09	 
41.38548278	2.09981513	17.79	 
41.38548278	2.09981656	17.37	 
41.38547515	2.09981989	16.75	 
41.38547515	2.09982657	15.51	 
41.38547515	2.09983491	15.85	 
41.38547515	2.09983491	14.91	 
41.38548278	2.09984326	14.15	 
41.38548278	2.09984660	15.55	 
41.38548278	2.09984993	15.47	 
41.38548278	2.09984993	13.01	 
41.38548278	2.09984993	10.69	 
41.38548278	2.09984850	9.71	 
41.38548278	2.09984517	12.95	 
41.38548278	2.09984326	12.91	 
41.38548278	2.09984326	9.29	 
41.38548278	2.09984326	13.17	 
41.38548278	2.09984326	12.43	 
41.38548278	2.09984326	12.03	 
41.38548278	2.09984517	15.11	 
41.38547515	2.09984517	18.27	 
41.38547515	2.09984517	15.45	 
41.38548278	2.09984517	15.87	 
41.38548278	2.09984660	16.29	 
41.38548278	2.09984850	23.69	 
41.38548278	2.09984993	20.17	 
41.38548278	2.09984993	24.99	 
41.38547515	2.09985327	26.11	 
41.38547515	2.09985494	23.45	 
41.38547515	2.09985494	22.41	 
41.38547515	2.09985494	18.53	 
41.38547515	2.09985494	17.93	 
41.38547515	2.09985494	20.93	 
41.38547515	2.09985494	20.31	 
41.38547515	2.09985494	20.99	 
41.38547515	2.09985494	17.69	 
41.38547515	2.09985494	22.77	 
41.38547515	2.09985494	22.59	 
41.38547515	2.09985494	23.35	 
41.38547515	2.09985494	22.43	 
41.38547515	2.09985327	22.13	 
41.38547515	2.09985327	16.59	 
41.38547515	2.09985494	16.49	 
41.38547515	2.09985327	15.71	 
41.38548278	2.09985327	15.91	 
41.38548278	2.09985327	17.69	 
41.38548278	2.09985327	17.93	 
41.38548278	2.09985494	17.83	 
41.38548278	2.09985494	15.93	 
41.38548278	2.09985661	17.37	 
41.38548278	2.09985661	16.27	 
41.38548278	2.09985661	16.99	 
41.38548278	2.09985661	17.79	 
41.38548278	2.09985661	20.89	 
41.38548278	2.09986019	21.27	 
41.38548278	2.09986329	20.61	 
41.38548278	2.09986329	21.43	 
41.38548278	2.09986329	21.17	 
41.38548278	2.09986495	18.49	 
41.38548278	2.09986639	19.09	 
41.38548278	2.09986996	17.83	 
41.38548278	2.09986996	16.65	 
41.38548278	2.09987330	15.05	 
41.38548278	2.09987807	14.71	 
41.38548278	2.09988331	14.35	 
41.38548278	2.09988832	12.19	 
41.38548278	2.09988832	16.75	 
41.38548278	2.09989643	13.39	 
41.38548278	2.09990167	16.27	 
41.38548278	2.09990477	25.49	 
41.38548278	2.09991145	25.43	 
41.38548278	2.09991145	24.95	 
41.38548278	2.09991836	25.79	 
41.38548278	2.09992313	23.57	 
41.38548278	2.09992647	24.83	 
41.38549041	2.09992647	26.47	 
41.38549041	2.09992647	23.11	 
41.38549041	2.09991979	21.05	 
41.38549041	2.09991335	16.95	 
41.38549041	2.09990811	14.15	 
41.38548278	2.09990477	11.33	 
41.38548278	2.09990477	10.99	 
41.38548278	2.09990000	16.21	 
41.38549041	2.09989833	18.63	 
41.38549041	2.09990167	24.33	 
41.38549041	2.09990477	25.25	 
41.38549041	2.09990477	23.11	 
41.38549804	2.09990477	25.75	 
41.38549804	2.09990668	25.79	 
41.38549804	2.09990811	25.93	 
41.38549804	2.09991145	25.43	 
41.38549804	2.09991145	24.69	 
41.38549804	2.09991502	21.29	 
41.38549804	2.09991669	15.31	 
41.38550567	2.09991335	19.63	 
41.38550567	2.09990668	13.81	 
41.38550567	2.09990668	12.63	 
41.38550567	2.09990000	14.09	 
41.38549804	2.09989500	15.01	 
41.38549804	2.09989500	17.93	 
41.38549041	2.09989166	22.53	 
41.38549041	2.09989166	21.43	 
41.38549041	2.09989643	22.23	 
41.38548278	2.09989643	24.41	 
41.38547515	2.09989500	19.73	 
41.38547515	2.09989309	20.83	 
41.38547515	2.09989309	19.95	 
41.38546371	2.09988999	18.65	 
41.38545608	2.09988665	18.17	 
41.38545608	2.09988665	18.15	 
41.38545608	2.09988331	17.37	 
41.38545608	2.09988331	16.69	 
41.38545608	2.09988141	17.93	 
41.38545608	2.09988141	16.53	 
41.38545608	2.09988141	15.91	 
41.38544845	2.09987807	16.43	 
41.38544845	2.09987807	17.37	 
41.38544845	2.09987998	15.87	 
41.38544845	2.09987807	15.61	 
41.38544082	2.09987497	11.37	 
41.38544082	2.09986829	13.39	 
41.38544082	2.09986829	10.05	 
41.38544082	2.09986329	11.13	 
41.38543319	2.09986019	11.13	 
41.38543319	2.09985828	14.01	 
41.38543319	2.09985661	12.57	 
41.38543319	2.09985661	12.63	 
41.38542556	2.09985661	-1.75	 
41.38542556	2.09985327	2.85	 
41.38542556	2.09985327	-1.33	 
41.38542556	2.09985327	0.87	 
41.38542556	2.09985327	-3.19	 
41.38542556	2.09985136	12.53	 
41.38542556	2.09985136	13.75	 
41.38542556	2.09985828	13.89	 
41.38542556	2.09986329	14.45	 
41.38542556	2.09986329	14.55	 
41.38542556	2.09986329	15.93	 
41.38543319	2.09986329	19.95	 
41.38543319	2.09986329	22.01	 
41.38543319	2.09986495	18.53	 
41.38543319	2.09986495	20.33	 
41.38543319	2.09986639	21.29	 
41.38542556	2.09986829	20.31	 
41.38542556	2.09986639	17.89	 
41.38542556	2.09986495	17.27	 
41.38542556	2.09986495	16.95	 
41.38542556	2.09986162	17.15	 
41.38542556	2.09986329	16.79	 
41.38542556	2.09986495	20.33	 
41.38542556	2.09986495	24.83	 
41.38542556	2.09986495	25.29	 
41.38542556	2.09986495	19.13	 
41.38542556	2.09986495	16.23	 
41.38542556	2.09986495	14.69	 
41.38542556	2.09986162	15.25	 
41.38542556	2.09986162	15.35	 
41.38542556	2.09985661	7.09	 
41.38542556	2.09985327	14.41	 
41.38542556	2.09985327	15.05	 
41.38542556	2.09985327	15.65	 
41.38542556	2.09985327	16.21	 
41.38542556	2.09985327	16.39	 
41.38542556	2.09985327	17.11	 
41.38542556	2.09985327	18.91	 
41.38542556	2.09985494	21.55	 
41.38542556	2.09985494	16.29	 
41.38542556	2.09985327	14.05	 
41.38541793	2.09985136	12.77	 
41.38541793	2.09985661	12.47	 
41.38541030	2.09986639	12.03	 
41.38541030	2.09986639	11.45	 
41.38541793	2.09987807	12.91	 
41.38541793	2.09988331	12.87	 
41.38541793	2.09988665	12.43	 
41.38541793	2.09988999	11.55	 
41.38541793	2.09988999	10.83	 
41.38541793	2.09989500	10.85	 
41.38541793	2.09990334	11.09	 
41.38541030	2.09991145	11.45	 
41.38541030	2.09992170	12.29	 
41.38541030	2.09992170	12.29	 
41.38541030	2.09992647	11.93	 
41.38541030	2.09993147	12.13	 
41.38539886	2.09993338	11.57	 
41.38539886	2.09993815	12.33	 
41.38539886	2.09993815	11.85	 
41.38539123	2.09994006	11.55	 
41.38538360	2.09994149	11.79	 
41.38537597	2.09994149	12.17	 
